1 0.22734375 0.11484375 0.1265625 0.2109375
1 0.45859375 0.2328125 0.128125 0.221875
1 0.284375 0.31953125 0.1234375 0.2109375
1 0.615625 0.17890625 0.109375 0.2
1 0.290625 0.56953125 0.1296875 0.221875
1 0.409375 0.8140625 0.128125 0.2140625
1 0.64765625 0.40390625 0.1453125 0.221875
1 0.53828125 0.73515625 0.1234375 0.2140625
1 0.165625 0.66015625 0.128125 0.2140625
1 0.72265625 0.8328125 0.1171875 0.2140625
1 0.83828125 0.21640625 0.1125 0.1953125
1 0.928125 0.8875 0.1234375 0.2109375
1 0.10703125 0.36640625 0.121875 0.1734375
1 0.84453125 0.61640625 0.1234375 0.240625