1 0.77265625 0.11484375 0.1265625 0.2109375
1 0.54140625 0.2328125 0.128125 0.221875
1 0.715625 0.31953125 0.1234375 0.2109375
1 0.384375 0.17890625 0.109375 0.2
1 0.709375 0.56953125 0.1296875 0.221875
1 0.590625 0.8140625 0.128125 0.2140625
1 0.35234375 0.40390625 0.1453125 0.221875
1 0.46171875 0.73515625 0.1234375 0.2140625
1 0.834375 0.66015625 0.128125 0.2140625
1 0.27734375 0.8328125 0.1171875 0.2140625
1 0.16171875 0.21640625 0.1125 0.1953125
1 0.071875 0.8875 0.1234375 0.2109375
1 0.89296875 0.36640625 0.121875 0.1734375
1 0.15546875 0.61640625 0.1234375 0.240625