0 0.88203125 0.40234375 0.2140625 0.209375
0 0.83125 0.5953125 0.16875 0.1875
0 0.26640625 0.2046875 0.21875 0.2359375
0 0.63359375 0.146875 0.2046875 0.221875
0 0.3640625 0.55546875 0.16875 0.1734375
0 0.28203125 0.72890625 0.16875 0.178125
0 0.16015625 0.56875 0.2265625 0.2078125
0 0.7359375 0.746875 0.209375 0.21875
0 0.53984375 0.45546875 0.1609375 0.1640625
0 0.446875 0.146875 0.1640625 0.1875
0 0.43359375 0.85078125 0.1953125 0.2140625
0 0.39140625 0.37109375 0.1640625 0.1734375
0 0.81796875 0.21328125 0.1640625 0.1734375
0 0.70703125 0.4953125 0.16875 0.16875