0 0.11796875 0.40234375 0.2140625 0.209375
0 0.16875 0.5953125 0.16875 0.1875
0 0.73359375 0.2046875 0.21875 0.2359375
0 0.36640625 0.146875 0.2046875 0.221875
0 0.6359375 0.55546875 0.16875 0.1734375
0 0.71796875 0.72890625 0.16875 0.178125
0 0.83984375 0.56875 0.2265625 0.2078125
0 0.2640625 0.746875 0.209375 0.21875
0 0.46015625 0.45546875 0.1609375 0.1640625
0 0.553125 0.146875 0.1640625 0.1875
0 0.56640625 0.85078125 0.1953125 0.2140625
0 0.60859375 0.37109375 0.1640625 0.1734375
0 0.18203125 0.21328125 0.1640625 0.1734375
0 0.29296875 0.4953125 0.16875 0.16875