0 0.09765625 0.8671875 0.19375 0.259375
0 0.31875 0.8578125 0.2375 0.25
0 0.56875 0.8640625 0.2390625 0.2625
0 0.815625 0.8328125 0.2390625 0.30625
0 0.228125 0.6390625 0.24375 0.2625
0 0.45546875 0.6375 0.21875 0.2875
1 0.675 0.6203125 0.1953125 0.26875
0 0.88984375 0.58125 0.20625 0.2125
0 0.88203125 0.4796875 0.009375 0.003125
0 0.11171875 0.4484375 0.21875 0.278125
0 0.33671875 0.403125 0.215625 0.275
0 0.56484375 0.4 0.2109375 0.228125
0 0.78359375 0.378125 0.2109375 0.209375
0 0.21484375 0.2 0.2046875 0.20625
0 0.428125 0.1953125 0.2078125 0.209375
0 0.64375 0.190625 0.2125 0.225
0 0.8625 0.1640625 0.2109375 0.21875