0 0.90234375 0.8671875 0.19375 0.259375
0 0.68125 0.8578125 0.2375 0.25
0 0.43125 0.8640625 0.2390625 0.2625
0 0.184375 0.8328125 0.2390625 0.30625
0 0.771875 0.6390625 0.24375 0.2625
0 0.54453125 0.6375 0.21875 0.2875
1 0.325 0.6203125 0.1953125 0.26875
0 0.11015625 0.58125 0.20625 0.2125
0 0.11796875 0.4796875 0.009375 0.003125
0 0.88828125 0.4484375 0.21875 0.278125
0 0.66328125 0.403125 0.215625 0.275
0 0.43515625 0.4 0.2109375 0.228125
0 0.21640625 0.378125 0.2109375 0.209375
0 0.78515625 0.2 0.2046875 0.20625
0 0.571875 0.1953125 0.2078125 0.209375
0 0.35625 0.190625 0.2125 0.225
0 0.1375 0.1640625 0.2109375 0.21875